0.10207774477700392
0.04794491236217511
0.04421476660630642
0.04280554094375708
0.04196861221526678
0.04066568328879583
0.040203015425075324
0.04061498574625987
0.03966228019637175
0.039218830455763215
0.03900293861157619
0.038695797830438
0.03874462662885587
0.038099919402828586
0.03804446620723376
0.03820484422433835
0.03754972727634968
0.03686708845198154
0.037629470157508664
0.03683177110953973
0.03691930784246861
0.036652691853352085
0.03620952286590368
0.0362343044903798
0.036455435382250025
0.03572102528638565
0.03575870902874531
0.03572511185342685
0.035827332701629556
0.03539484959955399
0.03577878110779401
0.03546128499870881
0.03520899758889125
0.03526669336626163
0.03499943940207744
0.0356722359569409
0.03434101544702665
0.03547293208539486
0.03491114142995614
0.03441835560191136
0.034380522059897584
0.034464062826755716
0.034648964348702856
0.03499839070897836
0.0343254931939718
0.035158958324255085
0.03420152377623778
0.034362246497319296
0.03342294475206962
0.03471727035939694
0.03428817144475686
0.033872170951695015
0.03411565507547214
0.034061221038110746
0.0336938650562213
0.034437311010865064
0.03425417130287641
0.03352825353160883
0.03420033384210024
0.03428587014667499
0.03331607257804045
0.03399517376166888
0.03359078192749085
0.034040915841857596
0.03323509475837151
0.03370745566028815
0.03336521356056134
0.033477910407460655
0.03307259002079566
0.03348683496602835
0.03402407688017075
0.033530737177874796
0.03346601294783445
0.03306928663872755
0.03378974641553867
0.03300404456467965
0.03348760948253748
0.03323884452573764
0.03338945869547434
0.032266159269672176
0.03305402601089997
0.033024235953314184
0.03344972616969011
0.03265801703509612
0.03357468905548255
0.032974306804438434
0.03292341874673581
0.03290155042822544
0.03340838396300872
0.033207221224139896
0.03249372539516443
0.03304133484474359
0.03365368480579211
0.032818189206031655
0.03243879667745951
0.03267642069034851
0.0327005667038835
0.03272720522318895
0.03307214664916198
0.03297513312636278
0.032944745178788135
0.03231952145982247
0.03261248157001459
0.03282621349088657
0.033364689273711966
0.0329126740543124
0.03240117391523643
0.03317573070526123
0.03337198075098105
0.03281465844752697
0.03257872200069519
0.03276694418910222
0.03263512427130571
0.032171178518388514
0.0326028645134125
0.03330515487215076
0.03225660567673353
0.032543856440446314
0.03238477648641819
0.03272142778031337
0.03265161034770501
0.03260860345206964
0.03276849908228868
0.03280003485389245
0.03292089474315827
0.03251752675248262
0.03230536592025787
0.03293095491348933
0.03255082721798084
0.032700450651538676
0.03188590905987299
0.03275195006758739
0.03239362522100027
0.032874523537854354
0.03314763953288396
0.03271666747541764
0.032568506547846855
0.03199306977196382
0.0321370993525936
0.032487161443210566
0.032404123943967696
0.03279196510139184
0.03247785134097705
0.032451970679446676
0.03235089048170126
0.032313199412937345
0.03260502548745045
0.032460449760158855
0.03269987147874557
0.03241822743931642
0.03225073393147725
0.03254466615139674
0.03196662518267448
0.03229571039764545
0.03250462873719442
0.032153818603509514
0.03180552917795303
0.032047803881458746
0.03250671096910269
0.032618711205820244
0.03173449568641491
0.03242202455607744
0.03213114245579793
0.032709839486349854
0.03181317881800425
0.03177981183697016
0.032717748115269035
0.0316246687171933
0.03216631753035845
0.03204869965616709
0.03195233143483981
0.03233024613119853
0.03184501237880725
0.03193724331183311
0.032500707334241805
0.03181930081202434
0.03180651680017129
0.03178494632817232
0.0325573964880254
0.03221870263417562
0.03176825422411546
0.03232030521791715
0.03241295678397784
0.032403775863349436
0.032567287432268645
0.032062277068885474
0.031881287727409446
0.032250925750495534
0.03195571752790457
0.03198203882918908
0.03222209840344313
0.031803014153280317
0.03206725370329924
0.032276017495836966
0.032118724253124155
0.03195994853113706
0.032895615324378014
0.0326895670630993
0.032051278746280915
0.03191298960875242
